34
35
98
222
32
22
23
fly

65
45
73
23
98
45
34
swim

65
54
46
87
54
34
87
toxic

45
56
34
45
65
78
23
echo-location

34
23
55
44
76
12
35
ambush

54
33
88
66
66
12
65
stelth

76
45
98
34
54
12
54
smell

34
88
16
27
43
93
15
giant

73
26
56
45
37
26
48

93
41
56
38
27
76
56
fatty

34
76
55
22
65
12
94
thin

54
12
87
45
67
45
47
vampirism

87
56
5
29
94
23
87

82
48
28
47
18
17
74
fly

87
65
58
35
29
74
47
swim

17
39
27
38
35
28
84

23
98
34
24
35
23
16

87
21
43
27
65
98
45
thin

54
34
23
13
87
54
34

